1  NewYork  NY  8,323,338  8,190,355  1.62%  10,699  778
2  LosAngeles  CA  4,015,936  3,795,370  5.81%  3,306  1,215
3  Chicago  IL  2,694,236  2,697,529  -0.12%  4,575  589
4  Houston  TX  2,340,888  2,098,446  11.55%  1,412  1,658
5  Phoenix  AZ  1,703,078  1,449,295  17.51%  1,270  1,341
6  Philadelphia  PA  1,591,800  1,528,293  4.16%  4,577  348
7  SanAntonio  TX  1,578,027  1,332,883  18.39%  1,256  1,256
8  SanDiego  CA  1,447,100  1,305,970  10.81%  1,715  844
9  Dallas  TX  1,382,267  1,200,372  15.15%  1,571  880
10  SanJose  CA  1,033,673  954,492  8.30%  2,245  461
11  Austin  TX  988,218  806,423  22.54%  1,193  829
12  FortWorth  TX  932,116  748,481  24.53%  1,041  895
13  Jacksonville  FL  926,371  823,123  12.54%  479  1,936
14  Columbus  OH  922,223  790,935  16.60%  1,624  568
15  Charlotte  NC  905,318  738,534  22.58%  1,138  796
16  SanFrancisco  CA  896,047  805,550  11.23%  7,376  121
17  Indianapolis  IN  875,929  821,555  6.62%  935  936
18  Seattle  WA  783,137  610,639  28.25%  3,606  217
19  Denver  CO  734,134  603,354  21.68%  1,849  397
20  Washington  DC  720,687  605,085  19.11%  4,552  158
21  Boston  MA  710,195  621,074  14.35%  5,673  125
22  ElPaso  TX  685,575  650,708  5.36%  1,028  667
23  Nashville  TN  673,167  604,587  11.34%  547  1,232
24  Detroit  MI  667,272  711,120  -6.17%  1,857  359
25  Portland  OR  664,103  585,436  13.44%  1,922  346
26  LasVegas  NV  662,000  584,606  13.24%  1,803  367
27  Oklahoma City  OK  655,407  582,285  12.56%  417  1,571
28  Memphis  TN  647,374  652,309  -0.76%  788  822
29  Louisville  KY  624,890  596,155  4.82%  916  682
30  Baltimore  MD  590,479  621,005  -4.92%  2,816  210
31  Milwaukee  WI  585,589  594,881  -1.56%  2,351  249
32  Albuquerque  NM  561,188  546,806  2.63%  1,157  485
33  Tucson  AZ  553,871  527,167  5.07%  898  616
34  Fresno  CA  538,195  497,721  8.13%  1,811  297
35  Mesa  AZ  527,666  440,995  19.65%  1,475  358
36  Atlanta  GA  523,738  429,193  22.03%  1,490  352
37  Sacramento  CA  521,769  467,302  11.66%  2,061  253
38  Kansas City  MO  505,198  460,737  9.65%  619  816
39  Miami  FL  486,388  400,841  21.34%  5,217  93
40  Colorado Springs  CO  485,946  420,544  15.55%  962  505
41  Raleigh  NC  481,958  406,355  18.61%  1,276  378
42  Omaha  NE  470,702  450,887  4.39%  1,289  365
43  Long Beach  CA  463,218  462,440  0.17%  3,528  131
44  Virginia Beach  VA  447,841  438,855  2.05%  707  634
45  Minneapolis  MN  437,069  383,067  14.10%  3,125  140
46  Oakland  CA  435,224  391,449  11.18%  3,006  145
47  Tampa  FL  413,704  337,062  22.74%  1,401  295
48  Arlington  TX  402,762  366,136  10.00%  1,624  248
49  Tulsa  OK  396,543  392,421  1.05%  775  511
50  Bakersfield  CA  390,233  349,408  11.68%  1,006  388
51  NewOrleans  LA  390,128  347,770  12.18%  889  439
52  Wichita  KS  388,771  382,726  1.58%  929  419
53  Aurora  CO  382,742  326,073  17.38%  958  400
54  Cleveland  OH  379,233  395,890  -4.21%  1,885  201
55  Anaheim  CA  352,911  337,106  4.69%  2,708  130
56  Honolulu  HI  342,933  339,143  1.12%  2,187  157
57  Riverside  CA  336,285  305,568  10.05%  1,598  210
58  SantaAna  CA  330,389  325,340  1.55%  4,662  71
59  Henderson  NV  330,084  257,532  28.17%  1,201  275
60  Lexington  KY  328,690  296,847  10.73%  447  735
61  Corpus Christi  TX  325,406  305,281  6.59%  787  414
62  Stockton  CA  316,996  292,446  8.39%  1,969  161
63  SanJuan Zona Urbana  PR  316,941  381,931  -17.02%  3,095  102
64  StPaul  MN  311,895  285,465  9.26%  2,317  135
65  Cincinnati  OH  306,487  296,837  3.25%  1,520  202
66  Irvine  CA  303,956  213,392  42.44%  1,788  170
67  Greensboro  NC  299,946  269,587  11.26%  897  334
68  Pittsburgh  PA  294,860  305,410  -3.45%  2,056  143
69  Lincoln  NE  293,905  259,261  13.36%  1,179  249
70  StLouis  MO  293,792  319,318  -7.99%  1,837  160
71  Orlando  FL  291,739  239,308  21.91%  1,019  286
72  Plano  TX  288,539  261,222  10.46%  1,554  186
73  Anchorage  AK  285,634  293,310  -2.62%  65  4,421
74  Newark  NJ  282,862  277,158  2.06%  4,524  63
75  Durham  NC  282,737  230,710  22.55%  973  291
76  Chula Vista  CA  277,289  244,656  13.34%  2,157  129
77  StPetersburg  FL  271,842  245,226  10.85%  1,697  160
78  Jersey City  NJ  271,099  248,363  9.15%  7,100  38
79  Fort Wayne  IN  270,989  254,162  6.62%  946  287
80  Toledo  OH  270,651  287,030  -5.71%  1,298  208
81  Chandler  AZ  268,675  236,479  13.61%  1,593  169
82  Laredo  TX  264,703  236,859  11.76%  967  274
83  Madison  WI  264,030  233,716  12.97%  1,285  205
84  Scottsdale  AZ  262,222  217,615  20.50%  550  477
85  Lubbock  TX  260,823  230,796  13.01%  747  349
86  Reno  NV  260,258  225,750  15.29%  924  282
87  Gilbert  AZ  258,935  209,435  23.64%  1,460  177
88  Buffalo  NY  255,244  261,301  -2.32%  2,441  105
89  Glendale  AZ  254,500  226,168  12.53%  1,595  160
90  NorthLas Vegas  NV  253,923  216,843  17.10%  1,000  254
91  Winston Salem  NC  251,762  230,033  9.45%  733  343
92  Chesapeake  VA  248,106  223,550  10.98%  283  877
93  Garland  TX  246,627  227,355  8.48%  1,669  148
94  Irving  TX  243,738  216,867  12.39%  1,403  174
95  Hialeah  FL  243,208  225,460  7.87%  4,351  56
96  Norfolk  VA  242,234  242,998  -0.31%  1,756  138
97  Fremont  CA  239,525  214,561  11.63%  1,194  201
98  Paradise  NV  237,891  223,167  6.60%  1,965  121
99  Arlington  VA  236,455  207,627  13.88%  3,512  67
100  Boise  ID  234,576  209,578  11.93%  1,082  217
101  Richmond  VA  232,055  204,256  13.61%  1,495  155
102  Spokane  WA  223,266  209,523  6.56%  1,254  178
103  Tacoma  WA  222,603  198,227  12.30%  1,727  129
104  Modesto  CA  218,758  203,314  7.60%  1,965  111
105  Fontana  CA  218,573  197,342  10.76%  1,959  112
106  DesMoines  IA  217,891  205,004  6.29%  954  228
107  SanBernardino  CA  217,671  209,853  3.73%  1,353  161
108  BatonRouge  LA  216,701  229,369  -5.52%  968  224
109  Frisco  TX  215,060  118,192  81.96%  1,219  176
110  Salt Lake City  UT  213,367  186,571  14.36%  744  287
111  Moreno Valley  CA  212,992  194,241  9.65%  1,604  133
112  Oxnard  CA  212,715  198,465  7.18%  3,096  69
113  SantaClarita  CA  210,543  204,213  3.10%  1,149  183
114  Birmingham  AL  208,940  211,743  -1.32%  552  378
115  Mckinney  TX  208,487  132,943  56.82%  1,203  173
116  Port St. Lucie  FL  206,410  164,843  25.22%  669  309
117  Spring Valley  NV  206,036  178,395  15.49%  2,392  86
118  Fayetteville  NC  205,646  208,335  -1.29%  537  383
119  GrandRapids  MI  205,289  188,003  9.19%  1,771  116
120  Glendale  CA  204,765  191,726  6.80%  2,595  79
121  Rochester  NY  203,792  210,452  -3.16%  2,200  93
122  Huntsville  AL  202,910  180,960  12.13%  365  555
123  Amarillo  TX  202,028  191,255  5.63%  767  264
124  Huntington Beach  CA  201,941  191,303  5.56%  2,887  70
125  CapeCoral  FL  199,503  154,735  28.93%  727  274
126  Tallahassee  FL  199,205  181,596  9.70%  766  260
127  Yonkers  NY  199,021  196,405  1.33%  4,266  47
128  Aurora  IL  198,870  198,157  0.36%  1,706  117
129  GrandPrairie  TX  198,442  175,979  12.76%  1,060  187
130  Akron  OH  198,148  199,003  -0.43%  1,235  160
131  Little Rock  AR  197,371  193,928  1.78%  635  311
132  Montgomery  AL  197,282  205,593  -4.04%  476  414
133  Overland Park  KS  196,636  174,041  12.98%  1,010  195
134  Augusta  GA  196,303  196,192  0.06%  251  783
135  SunriseManor  NV  195,048  189,372  3.00%  2,256  86
136  Tempe  AZ  194,218  162,326  19.65%  1,876  104
137  Knoxville  TN  191,060  178,432  7.08%  747  256
138  Sioux Falls  SD  190,519  154,526  23.29%  940  203
139  Columbus  GA  189,296  191,105  -0.95%  338  561
140  Mobile  AL  186,804  194,577  -3.99%  517  361
141  Ontario  CA  186,653  164,369  13.56%  1,442  129
142  Vancouver  WA  186,516  167,622  11.27%  1,477  126
143  Worcester  MA  186,433  181,878  2.50%  1,927  97
144  Fort Lauderdale  FL  184,599  166,138  11.11%  2,061  90
145  Chattanooga  TN  184,143  170,559  7.96%  497  370
146  Shreveport  LA  183,819  200,869  -8.49%  661  278
147  Brownsville  TX  183,748  175,400  4.76%  536  343
148  Peoria  AZ  180,219  154,891  16.35%  395  456
149  Enterprise  NV  180,214  108,481  66.12%  1,361  132
150  RanchoCucamonga  CA  180,031  166,232  8.30%  1,733  104
